time_beg: 2017 7 1 12 0 0
time_end: 2017 7 8 12 0 0
temperature: 288.15
pressure: 101.0
latitude: 47.477091
longitude: -0.549931
b1x: 0 15
b1y: 0 15
b1z: 2 2,5
b2x: 0 15
b2y: 0 15
b2z: 2 2,5
b3x: 0 15
b3y: 0 15
b3z: 2 2,5
floor_p1: 5 5 0
floor_p2: 10 5 0
floor_p3: 10 7 0
floor_p4: 5 7 0
rate_shad: 0.5